240 5 2.8000000000000007 1
240 5 2.8000000000000007 1
13 4 1.700000000000001 0.7
17 4 1.700000000000001 0.7
13 4 1.700000000000001 0.7
13 4 1.700000000000001 0.7
13 4 1.700000000000001 0.7
13 4 1.700000000000001 0.7
13 4 1.700000000000001 0.7
0 4 1.700000000000001 0.7
0 4 1.700000000000001 0.7
0 3 1.1000000000000014 0.7
0 3 1.1000000000000014 0.7
0 3 1.1000000000000014 0.7
0 3 1.1000000000000014 0.7
0 0 3.3000000000000007 0.4
0 6 1.6999999999999993 0.2
33 5 12.399999999999999 1
26 5 12.399999999999999 1
8 5 12.399999999999999 1
44 5 12.399999999999999 1
44 5 12.399999999999999 1
8 5 12.399999999999999 1
8 5 12.399999999999999 1
44 5 12.399999999999999 1
19 5 12.399999999999999 1
23 5 12.399999999999999 1
10 5 12.399999999999999 1
10 5 12.399999999999999 1
2 5 12.399999999999999 1
2 5 12.399999999999999 1
0 5 12.399999999999999 1
0 5 12.399999999999999 1
0 5 12.399999999999999 1
0 5 12.399999999999999 1
0 5 12.399999999999999 1
0 0 12.100000000000001 0.7
0 0 12.100000000000001 0.7
0 0 12.100000000000001 0.7
0 0 12.100000000000001 0.7
0 0 12.100000000000001 0.7
0 0 0.5999999999999996 0.7
6 5 28.299999999999997 0.7
6 5 28.299999999999997 0.7
6 5 28.299999999999997 0.7
